81
10  37  22
462 85
464 32
488 10
503 11
533 42
550 62
560 80
564 90
561 98
555 100
543 105
533 107
529 113
531 124
540 136
549 152
560 167
571 183
582 195
598 198
616 198
631 200
11  37  1
631 200
37  38  14
655 200
671 199
684 199
700 199
709 203
719 211
725 227
728 239
731 253
733 264
733 275
731 284
732 322
730 378
8   38  5
676 275
677 292
677 307
672 318
694 342
38  39  2
729 375
728 446
39  40  8
756 422
763 411
778 380
794 349
820 321
850 305
860 298
847 260
35  40  1
847 260
26  40  2
830 212
847 260
41  42  1
802 458
36  42  2
809 428
802 458
41  43  1
726 486
5   43  1
724 487
43  44  1
725 531
44  45  1
762 536
6   45  1
762 536
42  45  4
796 501
788 523
779 535
761 536
33  44  2
724 578
725 531 
5   46  1
679 531
39  47  1
644 528
0   50  1
507 559
50  51  1
505 483
51 52   1
469 452
51 53   1
540 457
16  51  1
505 481
13  52  1
471 452
14  53  1
542 460
3   48  1
615 557
49  48  1
615 557
47  48  1
615 557
2   49  1
586 559
50  49  1
586 559
53  55  1  
581 414
52  54  1
438 413
15  55  1
581 414
12  54  1
438 413
56  57  2
499 348
512 344
55  57  3
577 397
528 348
512 344
7   56  1
467 377
9   57  1
512 344
54  58  8
429 398
407 378
382 354
374 340
367 311
354 297
329 289
317 284
31  60  1
306 263
30  59  1
255 261
27  61  1
260 336
34  61  1
260 336
58  61  3
311 284
306 341
260 336
61  62  1
226 330
62  63  1
214 327
63  65  1
167 322
64  65  1
167 322
23  64  1
97  312
25  64  1
97  312
22  65  1
167 322
24  65  1
167 322
32  66  1
207 392
18  67  1
197 456
66  67  1
197 456
66  68  4
204 393
170 392
126 383
116 445
68  69  1
152 449
67  69  1
152 449
20  69  1
152 449
2   69  1
152 449
70  71  1
186 529
67  71  1
186 529
68  70  1
104 519
20  69  1
152 449
28  69  1
152 449
19  70  1
104 519
29  72  1
78 441
4   72  1
78 441
21  72  1
78 441
68  72  1
78 441
1   73  1
454 558
50  73  1
454 558
67  73  8
198 458
264 468
312 475
340 496
365 525
393 553
400 558
454 558
17  54  1
438 413
59  60  1
306 263
59  62  2
227 263
226 330
58  60  1
306 263
56  54  2
437 403
438 413
63  66  1
207 392
47  46  1
679 531
41  39  1
728 446