80
462 85
464 32
488 10
503 11
533 42
550 62
560 80
564 90
561 98
555 100
543 105
533 107
529 113
531 124
540 136
549 152
560 167
571 183
582 195
598 198
616 198
631 200
655 200
671 199
684 199
700 199
709 203
719 211
725 227
728 239
731 253
733 264
733 275
731 286
731 299
731 311
731 327
730 344
732 357
730 377
730 396
729 415
727 430
728 445
695 480
673 501
658 515
642 529
629 544
615 555
593 559
566 560
542 561
529 560
516 559
507 559
496 558
486 558
471 558
456 558
442 558
426 560
412 559
395 553
385 549
382 543
368 528
357 515
345 505
334 492
320 481
306 473
295 473
274 468
246 466
197 457
205 391
213 330
169 325
99 315
